677.171
872.127
471.918
677.171
872.127
471.918
677.171
872.127
471.918
677.171
872.127
471.918
677.171
872.127
471.918
677.171
872.127
471.918
677.171
872.127
471.918
677.171
872.127
471.918
677.171
872.127
471.918
677.171
872.127
471.918
677.171
872.127
471.918
677.171
872.127
471.918
677.171
872.127
471.918
677.171
872.127
471.918
677.171
872.127
471.918
677.171
872.127
471.918
677.171
872.127
471.918
677.171
872.127
471.918
677.171
872.127
471.918
677.171
872.127
471.918
677.171
872.127
471.918
677.171
872.127
471.918
677.171
872.127
471.918
677.171
872.127
471.918
677.171
872.127
471.918
677.171
872.127
471.918
677.171
872.127
471.918
677.171
872.127
471.918
677.171
872.127
471.918
677.171
872.127
471.918
677.171
872.127
471.918
677.171
872.127
471.918
677.171
872.127
471.918
677.171
872.127
471.918
677.171
872.127
471.918
